18.297487
195.042345
409.735681
0.008780
0.004613
45.039829
166.613532
0.008912
0.004520
25.455982
13.916379
14.342788
14.761553
29.344145
28.993080
28.888283
15.315275
13.925154
35.525896
22.538361
14.227445
29.194572
30.094548
42.367872
28.571611
30.118220
50.472998
0.217423
11.606433
16.014637
14.166882
14.108803
14.113269
14.427704
14.734219
15.269129
14.424370
15.651904
14.341675
15.799289
13.876808
14.487892
14.032927
28.296411
300.873334
0.011791
0.004461
0.006424
0.005418
0.006230
0.077144
0.211891
0.006451
0.004620
0.004906
3.197035
14.405756
14.241464
14.718464
15.092556
13.889610
14.971086
28.895433
72.340966
28.185626
14.351763
14.150134
16.899832
12.482644
15.851269
13.940441
14.399380
14.312162
20.490779
9.732990
14.555072
29.704285
31.698686
27.886633
28.499076
29.286132
29.387852
72.021191
28.807547
28.087568
18.004984
11.737673
14.595038
15.556433
14.224521
15.136067
14.368327
15.041133
13.542657
14.442664
15.178935
14.747711
14.496796
15.953549
14.384065
35.074156
40.294683
29.278777
14.901804
14.964593
14.122954
16.142198
12.052108
19.855398
10.745412
13.899043
15.779931
13.746644
14.103638
15.028273
15.012076
14.503126
14.058273
15.033515
17.613439
11.038824
15.335342
14.368424
27.738202
73.604735
16.052686
11.841800
19.126588
14.011722
15.285071
13.531004
15.417086
14.726830
16.671773
13.889376
12.861675
16.532384
13.022884
16.208962
12.433214
15.100528
14.579533
28.922098
56.742085
29.116678
16.405852
14.573386
13.111679
14.576410
14.535196
15.842869
14.533462
15.099818
14.337728
14.363106
28.780619
1.950192
15.205193
13.492592
14.683881
14.650159
14.059218
30.241471
70.710828
15.542938
14.879206
13.145699
14.236692
16.023428
14.474780
14.643391
19.045046
10.772460
14.995770
14.994200
15.021819
12.898352
14.585305
17.324275
15.079145
18.611934
9.400941
14.452119
27.784790
78.362981
14.679116
14.926209
14.811943
14.168451
14.386457
15.958484
17.495012
11.067494
14.099862
15.269820
14.100893
15.729169
13.984275
14.296449
14.584526
15.615709
14.771597
14.380136
29.529333
28.187240
100.544442
30.821648
34.296617
14.063262
28.232982
29.340996
15.286277
14.729845
14.014928
14.467715
14.819195
15.666862
14.507790
14.742707
15.768812
13.496108
14.188176
15.789604
14.009097
17.313088
13.612228
13.017098
17.892115
67.823622
15.090099
15.346326
16.298571
12.634759
13.844968
18.052435
14.897446
14.802509
17.121303
10.672465
15.883057
16.831605
13.438236
13.102654
43.336608
28.872374
15.643198
13.956407
14.522440
15.654892
13.888474
14.552603
13.991895
14.284032
15.259945
14.107394
15.612794
14.569436
17.063201
31.509510
0.250414
88.417675
46.264044
7.589199
0.546203
2.682318
14.851337
14.333317
15.931515
14.081319
14.208320
14.664666
15.337755
14.035895
14.710907
16.122167
26.992848
100.517053
29.371198
14.153631
14.119100
14.959227
15.101526
14.842999
14.898469
14.607482
14.200520
14.345718
16.180486
14.046679
18.576466
10.045035
17.463924
11.902761
15.717160
15.980456
26.328206
77.355690
24.063174
17.248728
12.284085
14.453738
18.597770
11.288469
13.696962
14.732437
15.222649
14.027329
15.884642
12.689233
15.269422
14.100253
15.632567
18.513005
9.781507
15.097592
32.589130
27.993124
58.661772
14.023470
28.812655
16.491598
12.861661
15.448961
14.076745
14.854042
23.705935
5.791238
14.039353
14.487308
14.632915
15.675046
13.622499
14.989406
15.255037
13.571865
29.955724
85.121788
14.191049
20.509263
18.209998
9.512918
15.342151
14.056194
15.562796
14.207165
14.063676
14.616317
14.565626
15.589715
14.489020
15.245610
14.072787
27.748988
72.440776
29.183780
14.716050
14.697037
13.636897
14.447430
14.881618
14.461319
15.445633
14.758132
13.878360
14.917321
14.258036
15.255982
15.466015
19.149173
100.886262
29.046223
15.120613
14.171952
14.723740
14.155233
16.963537
12.930258
14.505031
14.077910
15.290559
14.244033
15.719645
14.248215
13.863410
14.208392
14.647532
29.633093
42.817796
29.405161
28.778692
19.392241
13.924447
14.379385
15.852738
13.800091
14.395349
13.886360
15.814332
14.231068
14.558318
14.882989
15.026838
14.251391
15.567419
28.078603
71.292030
16.956571
12.703516
15.101276
14.036902
15.371122
14.47