241.086271
0.009595
9.617788
29.752227
42.749565
57.294214
70.818364
72.053683
43.541123
28.009406
29.291821
32.222783
29.374566
26.920941
29.501717
28.904721
28.029306
16.775201
27.515054
28.822643
27.797653
29.489033
43.037960
47.128239
39.174219
58.814805
89.832084
110.424163
0.394028
61.541888
52.403277
34.531350
51.994667
324.820536
0.010319
1149.769611
0.009951
205.986795
0.008191
0.005831
0.004668
0.004544
103.111960
339.089770
0.010146
0.005628
0.007516
0.005840
0.006250
0.005320
0.006072
0.006399
0.004669
0.006474
0.006306
0.006155
0.005159
0.004888
0.003998
0.004755
0.004025
0.004756
0.004888
0.007560
0.965017
13.988546
15.668780
16.433990
19.193398
17.072296
12.762698
15.206114
14.400813
14.388984
14.159098
16.455067
13.399894
14.441367
13.958850
15.274817
14.246562
18.065617
69.606800
13.145588
68.385475
0.440100
0.002665
0.002133
4.792117
14.884541
14.544189
17.354959
14.072655
12.876386
14.769547
15.465805
13.937578
14.489536
19.237001
14.067820
28.881794
43.191949
29.327786
21.856288
8.101711
15.102068
13.071480
27.481320
5.651286
10.332084
14.514612
14.518242
15.373723
14.339279
15.276564
14.321866
14.966530
13.670379
29.396387
71.633378
15.431165
14.029203
17.645382
14.015039
18.669803
30.167383
0.169180
13.753322
14.157400
15.666707
14.136141
14.036241
14.559096
15.696694
14.393215
14.446103
14.649909
18.545365
13.607773
13.680167
313.708264
1.552534
0.678016
0.008085
0.004597
0.006059
0.008569
27.941618
72.332869
28.039446
15.803266
13.949238
14.608635
14.442292
15.094177
14.291810
18.426765
11.840505
14.085121
14.215193
14.734088
16.008389
14.355141
15.557441
14.084302
57.282359
18.798784
10.603305
15.246707
17.370751
15.667834
14.260190
14.820184
13.503752
16.724188
13.012983
14.501707
14.197226
15.663387
13.818478
15.548160
14.527638
14.091247
57.495927
14.977331
14.071876
14.114335
18.029812
11.501587
16.251256
13.307718
14.855749
15.016771
14.045965
14.307712
15.546302
14.082812
14.288028
14.107941
18.551428
12.544296
18.692757
21.259647
8.117415
43.430719
28.300193
16.684080
13.372715
15.593798
14.047670
15.817481
12.365091
19.502034
11.337982
13.335598
18.032224
11.671607
14.508850
15.077669
14.881688
14.612539
13.896652
14.412123
29.067659
29.526182
42.655787
29.410082
30.586656
14.742683
14.182956
15.494091
14.042196
14.438754
14.127877
17.524166
12.308664
15.409977
14.141367
14.015250
14.311685
15.230299
15.198772
14.392004
14.742440
14.625849
29.220498
86.248858
15.230495
14.540933
14.024128
14.872935
14.002184
20.712163
9.134769
24.165842
11.360385
14.192439
15.579768
14.025595
14.058120
15.941903
16.874763
11.553116
28.535519
71.775175
14.203180
14.292422
15.174667
14.312144
15.544736
15.060322
14.094858
14.905730
15.391094
16.690461
12.599945
16.136994
14.169819
14.229208
14.911181
18.084598
13.400895
30.631785
30.724176
16.031195
13.755817
13.644696
18.817317
11.427150
13.818485
14.504587
15.773978
14.942062
14.285269
14.871887
14.978577
14.252172
15.317210
15.180405
14.349111
28.299068
44.980497
14.134472
14.063943
14.686759
15.928135
15.014385
13.254617
15.485463
13.930848
15.457055
15.637334
14.425405
14.685834
22.293861
14.872510
35.656133
27.779823
16.375191
13.569971
14.764988
14.405454
14.705213
15.296774
14.201841
15.339541
15.000078
15.310499
13.219367
14.576981
15.451076
14.487193
15.309229
14.394687
57.709986
17.774441
11.368623
15.752877
17.248570
12.570882
14.335018
14.180230
15.694225
15.667712
14.784761
14.575553
18.242970
18.938489
17.083420
44.112756
14.995266
14.705810
14.272562
14.479115
16.822310
12.897832
14.555678
13.999780
15.240791
14.397988
18.129180
11.766355
14.066132
28.787594
44.365485
14.101080
14.011584
20.596021
9.507488
14.280990
14.252634
17.126483
15.612881
14.210475
15.519401
14.088926
28.031038
29.742191
14.346663
20.858725
8.872471
16.655044
12.342605
15.269568
15.874034
14.385313
15.063740
18.695148
17.166154
15.717152
14.327462
81.370081
19.237052
18.375119
18.970700
18.047660
17.517328
16.195364
14.049240
14.408285
14.997077
15.353599
14.206680
29.031838
31.158444
17.493005
11.695415
14.487123
14.762012
15.032363
15.265648
14.878143
14.181738
14.0