30.313672
28.920643
41.796453
269.694140
0.147367
0.007995
0.006467
21.238511
71.811941
63.772822
50.584703
15.941447
28.411423
54.931505
0.349396
2.049194
30.553136
63.967893
83.909468
41.730764
28.610806
32.053384
25.550542
14.909105
16.499354
13.457495
28.796722
43.445173
46.411461
97.819685
32.752613
28.907983
28.334869
44.859781
196.554902
0.010734
18.852541
13.576983
32.837778
24.587707
28.148381
81.276183
54.767412
13.932098
16.347678
28.414050
28.104992
28.502329
59.139114
70.717196
36.652599
21.629455
14.136994
29.042190
29.052915
27.951221
60.631242
72.387639
27.894823
29.183039
44.731951
57.417511
69.771100
28.498597
