27.9344
30.5539
42.7152
44.0264
27.8753
29.0180
28.0236
29.8232
27.9895
28.9937
15.7575
30.6628s
14.1775
29.8018
46.5296
17.5807
80.1244
29.4691
14.9831
13.5357
18.1448
10.6935
15.3236
14.4890
15.7405
13.9344
28.1699
58.9116
14.3464
27.7595
29.7145
33.0216
29.5065
29.0711
14.8533
13.3681
31.9528
16.6750
25.3055
31.4314
83.1471
43.2295
30.0792
30.1350
20.6623
20.7187
28.6887
29.3799
91.3845
86.7294
29.6542
27.7199
30.7518
14.5011
26.9160
15.7562
28.3428
29.0069
27.8983
29.5904
43.3789
48.7688
28.4840
29.0185
28.8673
14.8202
14.1487
15.1862
28.9450
28.0570
31.2464
27.6695
17.8209
24.9751
29.3942
43.6406
32.0519
12.7768
13.3169
15.0019
15.1727
28.0491
32.9526
29.3199
29.3197
28.9222
28.9707
15.2942
14.7001
14.3780
13.5904
22.3384
12.9485
26.1311
12.9157
14.2559
14.4615
28.2862
43.7377
28.7821
29.0470
29.0185
29.7974
30.0032
14.2846
13.9971
15.3920
14.3711
15.4840
14.5097
28.2096
43.8829
30.5922
26.3151
33.8075
10.6504
29.2539
27.6946
29.5747
14.2067
29.9966
58.3598
29.1501
13.0280
16.5743
15.3604
14.0776
13.9942
14.1772
15.5809
14.2103
101.2914
69.4084
29.2066
29.6293
18.4935
29.2334
24.4338
29.1649
28.9012
43.8528
74.8738
44.2042
42.3002
31.0834
29.3486
27.2880
27.2445
28.9759
43.4807
27.9427
29.0212
29.3199
286.5885
5.3616
29.3695
29.8694
27.9740
19.8367
25.0050
28.9763
28.6214
217.9436
0.4489
0.0118
2.7466
27.9021
29.7464
28.0965
15.4096
28.2539
29.8368
70.7300
172.5161
0.0082
0.0061
19.4409
14.2217
29.2768
15.7235
27.9933
28.1782
31.3171
29.1861
27.8365
44.6741
28.6352
28.3954
29.4909
43.4252
43.8272
27.9038
14.0764
32.0186
29.3207
57.5386
70.4633
29.9863
28.8097
14.7920
29.2940
28.7210
27.9879
29.2250
30.1914
27.7964
14.4196
58.2199
29.9310
18.2135
14.2172
13.7822
14.1066
15.2319
14.2813
29.4183
14.6408
28.0733
58.8216
72.0075
29.6636
28.1022
29.1039
28.6418
14.9409
14.1531
14.6050
15.6956
14.1108
14.6031
73.2488
42.6647
29.7018
15.2222
14.5047
13.7766
14.0751
15.7605
14.2389
14.2172
14.3546
15.3467
28.5461
43.1939
58.2129
28.4789
28.6881
29.3773
31.2362
13.8934
14.4315
15.3473
14.1036
28.6879
15.4652
85.5393
29.2608
43.5919
27.9225
29.2134
29.4047
27.7586
29.7052
44.0940
43.0274
31.1440
28.9483
30.1120
27.6212
29.7676
27.5121
30.7592
27.7835
14.6715
29.4559
28.5677
71.6057
42.5596
14.0216
30.1210
14.2191
28.8717
16.3857
17.7279
15.0173
27.4465
29.4189
14.4825
29.1120
27.8726
35.4110
65.7035
29.9820
27.4728
29.2140
16.0868
28.4433
27.8709
29.2008
16.0822
13.7025
28.7815
18.3127
84.6098
29.1551
28.3382
29.0109
15.4890
14.5667
14.3059
13.9094
14.4449
15.4502
14.5529
43.1027
43.6535
29.2212
42.1782
32.8388
28.8773
15.6866
14.4430
29.0869
28.0874
35.5404
109.0537
29.0250
28.1290
30.3083
27.5789
29.3198
16.8676
27.1283
56.8278
32.1951
28.0332
29.5903
28.8860
15.4059
28.7572
29.5256
27.4006
44.0022
28.5762
101.2805
28.1598
29.3365
28.7146
14.3895
14.3272
15.7982
30.7014
15.0891
71.4545
56.8457
16.1304
15.6877
27.7748
13.2918
30.0268
31.9093
28.0170
32.3836
81.0677
14.0413
28.6997
15.7796
32.6666
14.0666
14.4891
13.9598
29.6765
543.9471
298.8696
29.9039
28.5437
33.9997
13.4903
29.1281
28.2303
43.0874
100.1288
45.8982
25.7882
29.5348
29.0782
28.0134
30.0995
30.9293
15.4971
25.7968
37.1515
10.3922
34.2050
24.8148
15.1653
28.3794
30.1269
30.5131
25.8394
15.6972
15.1076
27.2839
24.4094
19.5055
15.9991
13.8895
14.3903
14.0847
16.1219
13.6818
28.7892
29.2269
13.9199
30.8627
42.7939
14.0143
30.3374
28.4122
29.8518
29.4469
48.4082
51.7989
14.9299
13.8930
14.3522
16.3262
13.6038
14.3819
14.1006
29.0721
57.8086
60.7559
28.0075
14.9057
28.8038
28.7543
14.8257
30.2777
27.6054
28.0942
43.7652
42.9318
43.1854
15.3639
14.7098
28.1582
14.0907
29.6995
29.6572
28.1671
18.1667
14.9259
26.9993
59.3749
86.2490
13.8927
28.1579
29.3177
29.9889
15.5793
26.6591
16.7548
27.2408
28.9807
27.8473
90.3519
29.6954
28.5803
14.8149
29.1495
28.8571
28.2538
29.7315
28.7166
192.9952
31.3763
30.2516
